4

12	5	5	1	

-0.0664756	-0.0334051	-1.91379	-0.581959	1.24287	0.834476	1.26044	1.54711	1.70916	1.5723	-0.693574	0.936259	
0.166334	-0.0879636	-1.95686	0.00305353	0.157148	-0.46975	-2.41878	1.93394	1.44212	-1.34357	0.907755	-1.02728	
-0.372036	-0.508976	-2.04332	-0.961265	0.589135	-1.02586	-0.984663	-1.0047	-2.09237	0.586889	-0.0639817	0.0696418	
-0.847164	-1.29144	1.60129	1.75804	-1.32188	-1.40004	-0.489394	-1.26389	-1.25385	-1.90612	-0.376423	0.547755	
0.974793	2.89627	3.33363	0.47325	0.646868	-0.620944	1.48213	0.150385	3.02509	-0.25817	-0.0128523	-0.0119395	
1.91713	1.32872	2.10882	-1.79131	-1.54862	
-0.533316	1.00349	-2.95449	2.0529	1.3744	
2.58304	1.72714	1.99597	-1.91919	-1.96596	
2.13076	1.16206	2.51258	-1.94001	-2.42062	
-2.58935	-2.34237	-2.02731	1.48873	1.33149	
-0.918289	1.29452	-1.3077	-0.61619	1.14471	
-0.720761	0.424758	0.609637	-0.121987	-0.99827	-0.193103	-1.18329	-0.59272	-0.42328	1.61092	-1.35421	